EMPLID;CATALOG_NBR;STRM;SESSION_CODE;CLASS_SECTION;STATUS;STRM_ID
11101340;250909;2101;1;T30;Actif;21011
11101660;250909;2101;1;T30;Actif;21011
11100329;250909;2101;1;T30;Actif;21011
11103190;250909;2101;1;T30;Actif;21011
11114406;250909;2101;1;T30;Actif;21011
11115247;250909;2101;1;T30;Actif;21011
11115339;250909;2101;1;T30;Actif;21011
11116302;250909;2101;1;T30;Actif;21011
11117243;250909;2101;1;T30;Actif;21011
11117476;250909;2101;1;T30;Actif;21011
11126856;250909;2101;1;T30;Actif;21011
11105165;250909;2101;1;T30;Actif;21011
11135425;250909;2101;1;T30;Actif;21011
11129233;250909;2101;1;T30;Actif;21011
11131691;250909;2101;1;T30;Actif;21011
11102025;250909;2101;1;T30;Actif;21011
11136658;250909;2101;1;T30;Actif;21011
11089318;250909;2093;1;T30;Actif;20931
11102721;250909;2093;1;T30;Actif;20931
11115836;250909;2093;1;T30;Actif;20931
11117643;250909;2093;1;T30;Actif;20931
11089436;250909;2093;1;T30;Actif;20931
11100230;250909;2093;1;T30;Actif;20931
11100691;250909;2093;1;T30;Actif;20931
11101245;250909;2093;1;T30;Actif;20931
11101272;250909;2093;1;T30;Actif;20931
11101622;250909;2093;1;T30;Actif;20931
11101964;250909;2093;1;T30;Actif;20931
11101970;250909;2093;1;T30;Actif;20931
11102025;250909;2093;1;T30;Actif;20931
11102185;250909;2093;1;T30;Actif;20931
11102460;250909;2093;1;T30;Actif;20931
11102512;250909;2093;1;T30;Actif;20931
11102988;250909;2093;1;T30;Actif;20931
11103047;250909;2093;1;T30;Actif;20931
11103069;250909;2093;1;T30;Actif;20931
11103090;250909;2093;1;T30;Actif;20931
11103193;250909;2093;1;T30;Actif;20931
11104395;250909;2093;1;T30;Actif;20931
11104484;250909;2093;1;T30;Actif;20931
11114570;250909;2093;1;T30;Actif;20931
11114922;250909;2093;1;T30;Actif;20931
11114973;250909;2093;1;T30;Actif;20931
11115226;250909;2093;1;T30;Actif;20931
11115771;250909;2093;1;T30;Actif;20931
11131368;250909;2093;1;T30;Actif;20931
11116188;250909;2093;1;T30;Actif;20931
11116197;250909;2093;1;T30;Actif;20931
11116319;250909;2093;1;T30;Actif;20931
11116437;250909;2093;1;T30;Actif;20931
11116748;250909;2093;1;T30;Actif;20931
11116917;250909;2093;1;T30;Actif;20931
11117311;250909;2093;1;T30;Actif;20931
11117457;250909;2093;1;T30;Actif;20931
11117959;250909;2093;1;T30;Actif;20931
11117975;250909;2093;1;T30;Actif;20931
11118040;250909;2093;1;T30;Actif;20931
11117052;250909;2093;1;T30;Actif;20931
11118119;250909;2093;1;T30;Actif;20931
11103440;250909;2093;1;T30;Actif;20931
11085662;250909;2093;1;T30;Actif;20931
11102703;250909;2093;1;T30;Actif;20931
11117282;250909;2093;1;T30;Actif;20931
11117519;250909;2093;1;T31;Actif;20931
11117745;250909;2093;1;T31;Actif;20931
11117910;250909;2093;1;T31;Actif;20931
11117091;250909;2093;1;T31;Actif;20931
11118153;250909;2093;1;T31;Actif;20931
11103164;250909;2093;1;T31;Actif;20931
11103194;250909;2093;1;T31;Actif;20931
11103470;250909;2093;1;T31;Actif;20931
11116014;250909;2093;1;T31;Actif;20931
11116206;250909;2093;1;T31;Actif;20931
11103293;250909;2093;1;T31;Actif;20931
11101677;250909;2093;1;T31;Actif;20931
11101760;250909;2093;1;T31;Actif;20931
11101765;250909;2093;1;T31;Actif;20931
11101847;250909;2093;1;T31;Actif;20931
11102009;250909;2093;1;T31;Actif;20931
11102049;250909;2093;1;T31;Actif;20931
11102487;250909;2093;1;T31;Actif;20931
11103434;250909;2093;1;T31;Actif;20931
11085632;250909;2093;1;T31;Actif;20931
11086858;250909;2093;1;T31;Actif;20931
11099975;250909;2093;1;T31;Actif;20931
11102495;250909;2093;1;T31;Actif;20931
11105169;250909;2093;1;T31;Actif;20931
11116037;250909;2093;1;T31;Actif;20931
11116195;250909;2093;1;T31;Actif;20931
11115531;250909;2093;1;T31;Actif;20931
11100529;250909;2093;1;T31;Actif;20931
11102497;250909;2093;1;T31;Actif;20931
11102612;250909;2093;1;T31;Actif;20931
11107447;250909;2093;1;T31;Actif;20931
11116434;250909;2093;1;T31;Actif;20931
11115583;250909;2093;1;T31;Actif;20931
11115823;250909;2093;1;T31;Actif;20931
11102688;250909;2093;1;T31;Actif;20931
11115927;250909;2093;1;T31;Actif;20931
11115737;250909;2093;1;T31;Actif;20931
11115884;250909;2093;1;T31;Actif;20931
11116433;250909;2093;1;T31;Actif;20931
11117602;250909;2093;1;T31;Actif;20931
11115821;250909;2093;1;T31;Actif;20931
11116361;250909;2093;1;T31;Actif;20931
11132223;250909;2093;1;T31;Actif;20931
11132853;250909;2093;1;T31;Actif;20931
11100347;250909;2093;1;T31;Actif;20931
11102090;250909;2093;1;T31;Actif;20931
11101785;250909;2093;1;T31;Actif;20931
11129645;230897;2101;1;B01;Actif;21011
11129291;230897;2101;1;B01;Actif;21011
11128182;230897;2101;1;B01;Actif;21011
11127225;230897;2101;1;B01;Actif;21011
11125775;230897;2101;1;B01;Actif;21011
11116887;230897;2101;1;B01;Actif;21011
11113971;230897;2101;1;B01;Actif;21011
11130879;230897;2101;1;B01;Actif;21011
11114706;230897;2101;1;B01;Actif;21011
11102131;230897;2101;1;B01;Actif;21011
11115970;230897;2101;1;B01;Actif;21011
11128009;230897;2101;1;B01;Actif;21011
11114000;230897;2101;1;B01;Actif;21011
11135359;230897;2101;1;B01;Actif;21011
11116060;230897;2101;1;B01;Actif;21011
11135456;230897;2101;1;B01;Actif;21011
11135393;230897;2101;1;B01;Actif;21011
11129457;230897;2101;1;B01;Actif;21011
11135440;230897;2101;1;B01;Actif;21011
11135455;230897;2101;1;B01;Actif;21011
11128130;230897;2101;1;B01;Actif;21011
11128294;230897;2101;1;B01;Actif;21011
11117501;230897;2101;1;B01;Actif;21011
11128377;230897;2101;1;B01;Actif;21011
11130852;230897;2101;1;B01;Actif;21011
11118211;230897;2101;1;B01;Actif;21011
11135461;230897;2101;1;B01;Actif;21011
11128715;230897;2101;1;B01;Actif;21011
11128817;230897;2101;1;B01;Actif;21011
11116991;230897;2101;1;B01;Actif;21011
11135363;230897;2101;1;B01;Actif;21011
11117396;230897;2101;1;B01;Actif;21011
11129280;230897;2101;1;B01;Actif;21011
11117425;230897;2101;1;B01;Actif;21011
11128796;230897;2101;1;B01;Actif;21011
11132849;230897;2101;1;B01;Actif;21011
11118135;230897;2101;1;B01;Actif;21011
11103061;230897;2101;1;B01;Actif;21011
11135411;230897;2101;1;B01;Actif;21011
11122841;230897;2101;1;B01;Actif;21011
11135481;230897;2101;1;B01;Actif;21011
11094335;2061297;2093;1;S01;Actif;20931
11132472;2061297;2093;1;S01;Actif;20931
11129598;2061297;2093;1;S01;Actif;20931
11132606;2061297;2093;1;S01;Actif;20931
11130178;2061297;2093;1;S01;Actif;20931
11132916;2061297;2093;1;S01;Actif;20931
11064756;2061297;2093;1;S01;Actif;20931
96353992;2061297;2093;1;S01;Actif;20931
11046306;2061297;2093;1;S01;Actif;20931
11109990;2061297;2093;1;S01;Actif;20931
11122344;2061397;2093;1;S02;Actif;20931
11125464;2061397;2093;1;S02;Actif;20931
11133859;2061397;2093;1;S02;Actif;20931
11120320;2061397;2093;1;S02;Actif;20931
11079306;2061397;2093;1;S02;Actif;20931
11003384;2061397;2093;1;S02;Actif;20931
11132729;2061397;2093;1;S02;Actif;20931
11125464;2061297;2093;1;S02;Actif;20931
11132729;2061297;2093;1;S02;Actif;20931
11078397;2061297;2093;1;S02;Actif;20931
11079306;2061297;2093;1;S02;Actif;20931
11133859;2061297;2093;1;S02;Actif;20931
11122344;2061297;2093;1;S02;Actif;20931
11133838;2061297;2093;1;S02;Actif;20931
11099439;2061297;2093;1;S02;Actif;20931
11120320;2061297;2093;1;S02;Actif;20931
11003384;2061297;2093;1;S02;Actif;20931
11136414;2061297;2101;1;S01;Actif;21011
11136941;2061297;2101;1;S01;Actif;21011
11125561;2061297;2101;1;S01;Actif;21011
11136227;2061297;2101;1;S01;Actif;21011
11137473;2061297;2101;1;S01;Actif;21011
11106921;2061297;2101;1;S01;Actif;21011
00126316;2061297;2101;1;S01;Actif;21011
11132126;2061297;2101;1;S01;Actif;21011
11133860;2061297;2101;1;S01;Actif;21011
11136459;2061297;2101;1;S01;Actif;21011
11124344;2061297;2101;1;S01;Actif;21011
11137338;2061297;2101;1;S01;Actif;21011
11136941;2061397;2101;1;S01;Actif;21011
11125561;2061397;2101;1;S01;Actif;21011
11137484;2061397;2101;1;S01;Actif;21011
11106921;2061397;2101;1;S01;Actif;21011
11136465;2061397;2101;1;S01;Actif;21011
11137473;2061397;2101;1;S01;Actif;21011
11109962;2061397;2101;1;S01;Actif;21011
11137338;2061397;2101;1;S01;Actif;21011
11078397;2061297;2101;1;DF1;Actif;21011
11122344;2061297;2101;1;DF1;Actif;21011
11137431;2061297;2102;1;S01;Actif;21021
11141893;2061297;2102;1;S01;Actif;21021
11135499;2061297;2102;1;S01;Actif;21021
11131414;414088;2093;1;J01;Actif;20931
11119721;414088;2093;1;J01;Actif;20931
11123877;414088;2093;1;J01;Actif;20931
11131134;414088;2093;1;J01;Actif;20931
11130294;414088;2093;1;J01;Actif;20931
11126701;414088;2093;1;J01;Actif;20931
11123873;414088;2093;1;J01;Actif;20931
11124979;414088;2093;1;J01;Actif;20931
11131500;414088;2093;1;J01;Actif;20931
11131539;414088;2093;1;J01;Actif;20931
11129994;414088;2093;1;J01;Actif;20931
11131359;414088;2093;1;J01;Actif;20931
11123786;414088;2093;1;J01;Actif;20931
11131208;414088;2093;1;J01;Actif;20931
11131494;414088;2093;1;J01;Actif;20931
11123976;414088;2093;1;J01;Actif;20931
11131454;414088;2093;1;J01;Actif;20931
11131070;414088;2093;1;J01;Actif;20931
11131034;414088;2093;1;J01;Actif;20931
11131624;414088;2093;1;J01;Actif;20931
11131638;414088;2093;1;J01;Actif;20931
11131567;414088;2093;1;J01;Actif;20931
11130971;414088;2093;1;J01;Actif;20931
11112205;414088;2093;1;J01;Actif;20931
11112461;414088;2093;1;J01;Actif;20931
11115379;414088;2093;1;J01;Actif;20931
11131557;414088;2093;1;J01;Actif;20931
11126720;414088;2093;1;J01;Actif;20931
11130291;414088;2093;1;J01;Actif;20931
11123868;414088;2093;1;J01;Actif;20931
11107619;414088;2093;1;J01;Actif;20931
11130485;414088;2093;1;J01;Actif;20931
11131444;414088;2093;1;J01;Actif;20931
11131037;414088;2093;1;J01;Actif;20931
85308292;414088;2093;1;J01;Actif;20931
11123666;414088;2093;1;J01;Actif;20931
11131400;414088;2093;1;J01;Actif;20931
11123724;414088;2093;1;J01;Actif;20931
11090495;414088;2093;1;J01;Actif;20931
11130976;414088;2093;1;J01;Actif;20931
11131729;414088;2093;1;J01;Actif;20931
11131402;414088;2093;1;J01;Actif;20931
11131523;414088;2093;1;J01;Actif;20931
11131417;414088;2093;1;J01;Actif;20931
11130976;414088;2101;1;DF1;Actif;21011
11097003;414088;2101;1;S01;Actif;21011
88104127;414088;2101;1;S01;Actif;21011
11131026;414088;2101;1;S01;Actif;21011
11135723;414088;2101;1;S01;Actif;21011
11135876;414088;2101;1;S01;Actif;21011
11119840;414088;2101;1;S01;Actif;21011
11132943;414088;2101;1;S01;Actif;21011
11131599;414088;2101;1;S01;Actif;21011
11135899;414088;2101;1;S01;Actif;21011
11131536;414088;2101;1;S01;Actif;21011
11135579;414088;2101;1;S01;Actif;21011
11135202;414088;2101;1;S01;Actif;21011
11122703;414088;2101;1;S01;Actif;21011
11131410;414088;2101;1;S01;Actif;21011
11131112;414088;2101;1;S01;Actif;21011
11091490;414088;2101;1;S01;Actif;21011
11135861;414088;2101;1;S01;Actif;21011
11123900;414088;2101;1;S01;Actif;21011
11135724;414088;2101;1;S01;Actif;21011
11120521;414088;2101;1;S01;Actif;21011
11131032;414088;2101;1;S01;Actif;21011
11135821;414088;2101;1;S01;Actif;21011
11131541;414088;2101;1;S01;Actif;21011
11131320;414088;2101;1;S01;Actif;21011
11131552;414088;2101;1;S01;Actif;21011
11135622;414088;2101;1;S01;Actif;21011
11135568;414088;2101;1;S01;Actif;21011
11107241;414088;2101;1;S01;Actif;21011
11131482;414088;2101;1;S01;Actif;21011
11135787;414088;2101;1;S01;Actif;21011
11135610;414088;2101;1;S01;Actif;21011
11129621;414088;2101;1;S01;Actif;21011
11131489;414088;2101;1;S01;Actif;21011
11135607;414088;2101;1;S01;Actif;21011
11135902;414088;2101;1;S01;Actif;21011
11135620;414088;2101;1;S01;Actif;21011
11122344;2061397;2093;1;S02;Actif;20931
11125464;2061397;2093;1;S02;Actif;20931
11133859;2061397;2093;1;S02;Actif;20931
11120320;2061397;2093;1;S02;Actif;20931
11079306;2061397;2093;1;S02;Actif;20931
11003384;2061397;2093;1;S02;Actif;20931
11132729;2061397;2093;1;S02;Actif;20931
11129598;2061397;2093;1;S01;Actif;20931
11130178;2061397;2093;1;S01;Actif;20931
11132916;2061397;2093;1;S01;Actif;20931
11132472;2061397;2093;1;S01;Actif;20931
11064756;2061397;2093;1;S01;Actif;20931
11132606;2061397;2093;1;S01;Actif;20931
11046306;2061397;2093;1;S01;Actif;20931
11136941;2061397;2101;1;S01;Actif;21011
11125561;2061397;2101;1;S01;Actif;21011
11137484;2061397;2101;1;S01;Actif;21011
11106921;2061397;2101;1;S01;Actif;21011
11136465;2061397;2101;1;S01;Actif;21011
11137473;2061397;2101;1;S01;Actif;21011
11109962;2061397;2101;1;S01;Actif;21011
11137338;2061397;2101;1;S01;Actif;21011
11141893;2061397;2102;1;S01;Actif;21021
11135499;2061397;2102;1;S01;Actif;21021
11122161;3087101;2093;1;W01;Actif;20931
11116158;3087101;2093;1;W01;Actif;20931
00310907;3087101;2093;1;W01;Actif;20931
89358581;3087101;2093;1;W01;Actif;20931
11120622;3087101;2093;1;W01;Actif;20931
11121199;3087101;2093;1;W01;Actif;20931
11096200;3087101;2093;1;W01;Actif;20931
11098246;3087101;2093;1;W01;Actif;20931
88112258;3087101;2093;1;W01;Actif;20931
11120654;3087101;2093;1;W01;Actif;20931
11124737;3087101;2093;1;W01;Actif;20931
11107794;3087101;2093;1;W01;Actif;20931
11133899;3087101;2093;1;W01;Actif;20931
11107752;3087101;2093;1;W01;Actif;20931
11107884;3087101;2093;1;W01;Actif;20931
11128320;3087101;2093;1;W01;Actif;20931
11107170;3087101;2093;1;W01;Actif;20931
11106869;3087101;2093;1;W01;Actif;20931
11016226;3087101;2093;1;W01;Actif;20931
11107903;3087101;2093;1;W01;Actif;20931
11102952;3087101;2093;1;W01;Actif;20931
11085855;3087101;2093;1;W01;Actif;20931
11101635;3087101;2093;1;W01;Actif;20931
11022451;3087101;2093;1;W01;Actif;20931
11083296;3087101;2093;1;W01;Actif;20931
11125050;3087101;2093;1;W01;Actif;20931
11122119;3087101;2093;1;W01;Actif;20931
11109751;3087101;2093;1;W01;Actif;20931
11124124;3087101;2093;1;W01;Actif;20931
11110761;3087101;2093;1;W01;Actif;20931
11099418;3087101;2093;1;W01;Actif;20931
11122392;3087101;2093;1;W01;Actif;20931
11133400;3087101;2093;1;W01;Actif;20931
11116528;3087101;2093;1;W01;Actif;20931
11097720;3087101;2093;1;W01;Actif;20931
11124846;3087101;2093;1;W01;Actif;20931
11077259;3087101;2093;1;W01;Actif;20931
00354732;3087101;2093;1;W01;Actif;20931
11122432;3087101;2093;1;W01;Actif;20931
11123089;3087101;2093;1;W01;Actif;20931
11124596;3087101;2093;1;V01;Actif;20931
11130088;3087101;2093;1;V01;Actif;20931
11034686;3087101;2093;1;V01;Actif;20931
11111421;3087101;2093;1;V01;Actif;20931
11119838;3087101;2093;1;V01;Actif;20931
11132928;3087101;2093;1;V01;Actif;20931
11124598;3087101;2093;1;V01;Actif;20931
11050966;3087101;2093;1;V01;Actif;20931
11126269;3087101;2093;1;V01;Actif;20931
11107815;3087101;2093;1;V01;Actif;20931
11133433;3087101;2093;1;V01;Actif;20931
11122895;3087101;2093;1;V01;Actif;20931
11120995;3087101;2093;1;V01;Actif;20931
11038702;3087101;2093;1;V01;Actif;20931
11133828;3087101;2093;1;V01;Actif;20931
11087823;3087101;2093;1;V01;Actif;20931
11129530;3087101;2093;1;V01;Actif;20931
11106237;3087101;2093;1;V01;Actif;20931
11132670;3087101;2093;1;V01;Actif;20931
11133647;3087101;2093;1;V01;Actif;20931
11133783;3087101;2093;1;V01;Actif;20931
11133917;3087101;2093;1;V01;Actif;20931
11132402;3087101;2093;1;V01;Actif;20931
11125690;3087101;2093;1;V01;Actif;20931
11108001;3087101;2093;1;V01;Actif;20931
11122300;3087101;2093;1;V01;Actif;20931
11107745;3087101;2093;1;V01;Actif;20931
98205842;3087101;2093;1;V01;Actif;20931
11133759;3087101;2093;1;V01;Actif;20931
11131881;3087101;2093;1;V01;Actif;20931
11133377;3087101;2093;1;V01;Actif;20931
11092244;3087101;2101;1;W01;Actif;21011
11105862;3087101;2101;1;W01;Actif;21011
11053738;3087101;2101;1;W01;Actif;21011
11096697;3087101;2101;1;W01;Actif;21011
11118956;3087101;2101;1;W01;Actif;21011
11128486;3087101;2101;1;W01;Actif;21011
11122276;3087101;2101;1;W01;Actif;21011
11074803;3087101;2101;1;W01;Actif;21011
11129667;3087101;2101;1;W01;Actif;21011
11134129;3087101;2101;1;W01;Actif;21011
11125210;3087101;2101;1;W01;Actif;21011
11119257;3087101;2101;1;W01;Actif;21011
11125686;3087101;2101;1;W01;Actif;21011
11118393;3087101;2101;1;W01;Actif;21011
11122163;3087101;2101;1;W01;Actif;21011
94315396;3087101;2101;1;W01;Actif;21011
11072026;3087101;2101;1;W01;Actif;21011
11125183;3087101;2101;1;W01;Actif;21011
11122315;3087101;2101;1;W01;Actif;21011
11132525;3087101;2101;1;W01;Actif;21011
11050860;3087101;2101;1;W01;Actif;21011
11109894;3087101;2101;1;W01;Actif;21011
11132611;3087101;2101;1;W01;Actif;21011
11132113;3087101;2101;1;W01;Actif;21011
11135801;3087101;2101;1;W01;Actif;21011
11132134;3087101;2101;1;W01;Actif;21011
11109682;3087101;2101;1;W01;Actif;21011
11115807;3087101;2101;1;W01;Actif;21011
11131812;3087101;2101;1;W01;Actif;21011
11101418;3087101;2101;1;W01;Actif;21011
11133820;3087101;2101;1;W01;Actif;21011
11125677;3087101;2101;1;W01;Actif;21011
11090234;3087101;2101;1;W01;Actif;21011
11095532;3087101;2101;1;W01;Actif;21011
11132656;3087101;2101;1;W01;Actif;21011
11127657;3087101;2101;1;V01;Actif;21011
11125065;3087101;2101;1;V01;Actif;21011
11098448;3087101;2101;1;V01;Actif;21011
11133584;3087101;2101;1;V01;Actif;21011
11041816;3087101;2101;1;V01;Actif;21011
11133870;3087101;2101;1;V01;Actif;21011
11132591;3087101;2101;1;V01;Actif;21011
11131165;3087101;2101;1;V01;Actif;21011
11133938;3087101;2101;1;V01;Actif;21011
11125627;3087101;2101;1;V01;Actif;21011
11068465;3087101;2101;1;V01;Actif;21011
11133821;3087101;2101;1;V01;Actif;21011
11133521;3087101;2101;1;V01;Actif;21011
11132395;3087101;2101;1;V01;Actif;21011
11133672;3087101;2101;1;V01;Actif;21011
11121707;3087101;2101;1;V01;Actif;21011
11131468;3087101;2101;1;V01;Actif;21011
11124679;3087101;2101;1;V01;Actif;21011
11128392;3087101;2101;1;V01;Actif;21011
11130723;3087101;2101;1;V01;Actif;21011
11132962;3087101;2101;1;V01;Actif;21011
11132987;3087101;2101;1;V01;Actif;21011
11132834;3087101;2101;1;V01;Actif;21011
11004973;3087101;2101;1;V01;Actif;21011
99321321;3087101;2101;1;V01;Actif;21011
11073041;3087101;2101;1;V01;Actif;21011
11133115;3087101;2101;1;V01;Actif;21011
11125504;3087101;2101;1;V01;Actif;21011
99345292;3087101;2101;1;V01;Actif;21011
11133119;3087101;2101;1;V01;Actif;21011
11067501;3087101;2101;1;V01;Actif;21011
11108791;3087101;2101;1;V01;Actif;21011
11136143;3087101;2101;1;V01;Actif;21011
11091971;3087101;2101;1;V01;Actif;21011
11111035;3087101;2102;1;W01;Actif;21021
11106542;3087101;2102;1;W01;Actif;21021
11137105;3087101;2102;1;W01;Actif;21021
11127051;3087101;2102;1;W01;Actif;21021
11127041;3087101;2102;1;W01;Actif;21021
11125649;3087101;2102;1;W01;Actif;21021
11133667;3087101;2102;1;W01;Actif;21021
11119701;3087101;2102;1;W01;Actif;21021
11106921;3087101;2102;1;W01;Actif;21021
11125512;3087101;2102;1;W01;Actif;21021
11129012;3087101;2102;1;W01;Actif;21021
11119834;3087101;2102;1;W01;Actif;21021
11136672;3087101;2102;1;W01;Actif;21021
11129623;3087101;2102;1;W01;Actif;21021
11136421;3087101;2102;1;W01;Actif;21021
11102526;3087101;2102;1;W01;Actif;21021
11132578;3087101;2102;1;W01;Actif;21021
11132103;3087101;2102;1;W01;Actif;21021
11106938;3087101;2102;1;W01;Actif;21021
11136370;3087101;2102;1;W01;Actif;21021
11131874;3087101;2102;1;W01;Actif;21021
11127562;3087101;2102;1;W01;Actif;21021
11124443;3087101;2102;1;W01;Actif;21021
11059708;3087101;2102;1;W01;Actif;21021
11136466;3087101;2102;1;W01;Actif;21021
11124966;3087101;2102;1;W01;Actif;21021
11123955;3087101;2102;1;W01;Actif;21021
11121670;3087101;2102;1;W01;Actif;21021
11123782;3087101;2102;1;W01;Actif;21021
11132181;3087101;2102;1;W01;Actif;21021
11132615;3087101;2102;1;W01;Actif;21021
11132024;3087101;2102;1;W01;Actif;21021
11137039;3087101;2102;1;W01;Actif;21021
11106773;3087101;2102;1;W01;Actif;21021
11105654;3087101;2102;1;W01;Actif;21021
11110033;3087101;2102;1;W01;Actif;21021
11109790;3087101;2102;1;W01;Actif;21021
11125726;3087101;2102;1;W01;Actif;21021
11137051;3087101;2102;1;W01;Actif;21021
11138637;3087101;2102;1;W01;Actif;21021
11122501;3087101;2102;1;W01;Actif;21021
11100941;3087101;2102;1;W01;Actif;21021
11094620;3087101;2102;1;W01;Actif;21021
11105543;3087101;2102;1;W01;Actif;21021
11113111;3087101;2102;1;W01;Actif;21021
11117575;161296;2093;1;A01;Actif;20931
11116758;161296;2093;1;A01;Actif;20931
11101462;161296;2093;1;A01;Actif;20931
11118029;161296;2093;1;A01;Actif;20931
11115271;161296;2093;1;A01;Actif;20931
11128656;161296;2093;1;A01;Actif;20931
11132702;161296;2093;1;A01;Actif;20931
11129272;161296;2093;1;A01;Actif;20931
11117242;161296;2093;1;A01;Actif;20931
11116326;161296;2093;1;A01;Actif;20931
11128929;161296;2093;1;A01;Actif;20931
11128979;161296;2093;1;A01;Actif;20931
11129052;161296;2093;1;A01;Actif;20931
11129209;161296;2093;1;A01;Actif;20931
11129237;161296;2093;1;A01;Actif;20931
11129302;161296;2093;1;A01;Actif;20931
11129425;161296;2093;1;A01;Actif;20931
11129438;161296;2093;1;A01;Actif;20931
11129440;161296;2093;1;A01;Actif;20931
11129518;161296;2093;1;A01;Actif;20931
11129519;161296;2093;1;A01;Actif;20931
11129523;161296;2093;1;A01;Actif;20931
11129542;161296;2093;1;A01;Actif;20931
11129672;161296;2093;1;A01;Actif;20931
11129679;161296;2093;1;A01;Actif;20931
11129704;161296;2093;1;A01;Actif;20931
11129752;161296;2093;1;A01;Actif;20931
11129825;161296;2093;1;A01;Actif;20931
11129845;161296;2093;1;A01;Actif;20931
11129871;161296;2093;1;A01;Actif;20931
11129886;161296;2093;1;A01;Actif;20931
11130039;161296;2093;1;A01;Actif;20931
11114692;161296;2093;1;A01;Actif;20931
11115136;161296;2093;1;A01;Actif;20931
11116990;161296;2093;1;A01;Actif;20931
11118147;161296;2093;1;A01;Actif;20931
11126097;161296;2093;1;A01;Actif;20931
11126863;161296;2093;1;A01;Actif;20931
11127330;161296;2093;1;A01;Actif;20931
11127394;161296;2093;1;A01;Actif;20931
11129069;161296;2093;1;A01;Actif;20931
11127741;161296;2093;1;A01;Actif;20931
11127751;161296;2093;1;A01;Actif;20931
11127840;161296;2093;1;A01;Actif;20931
11127863;161296;2093;1;A01;Actif;20931
11128069;161296;2093;1;A01;Actif;20931
11128138;161296;2093;1;A01;Actif;20931
11128155;161296;2093;1;A01;Actif;20931
11128205;161296;2093;1;A01;Actif;20931
11128212;161296;2093;1;A01;Actif;20931
11128239;161296;2093;1;A01;Actif;20931
11128493;161296;2093;1;A01;Actif;20931
11128505;161296;2093;1;A01;Actif;20931
11128576;161296;2093;1;A01;Actif;20931
11128578;161296;2093;1;A01;Actif;20931
11128687;161296;2093;1;A01;Actif;20931
11128713;161296;2093;1;A01;Actif;20931
11127988;161296;2093;1;A01;Actif;20931
11128756;161296;2093;1;A01;Actif;20931
11128822;161296;2093;1;A01;Actif;20931
11090253;161296;2093;1;B02;Actif;20931
11116235;161296;2093;1;B02;Actif;20931
11127631;161296;2093;1;B02;Actif;20931
11115206;161296;2093;1;B02;Actif;20931
11129077;161296;2093;1;B02;Actif;20931
11116288;161296;2093;1;B02;Actif;20931
11127990;161296;2093;1;B02;Actif;20931
11127692;161296;2093;1;B02;Actif;20931
11127743;161296;2093;1;B02;Actif;20931
11127746;161296;2093;1;B02;Actif;20931
11128066;161296;2093;1;B02;Actif;20931
11128075;161296;2093;1;B02;Actif;20931
11128170;161296;2093;1;B02;Actif;20931
11128195;161296;2093;1;B02;Actif;20931
11128285;161296;2093;1;B02;Actif;20931
11128288;161296;2093;1;B02;Actif;20931
11128506;161296;2093;1;B02;Actif;20931
11128706;161296;2093;1;B02;Actif;20931
11128817;161296;2093;1;B02;Actif;20931
11128819;161296;2093;1;B02;Actif;20931
11128848;161296;2093;1;B02;Actif;20931
11128924;161296;2093;1;B02;Actif;20931
11129032;161296;2093;1;B02;Actif;20931
11129193;161296;2093;1;B02;Actif;20931
11129216;161296;2093;1;B02;Actif;20931
11129371;161296;2093;1;B02;Actif;20931
11129383;161296;2093;1;B02;Actif;20931
11129557;161296;2093;1;B02;Actif;20931
11116098;161296;2093;1;B02;Actif;20931
11116299;161296;2093;1;B02;Actif;20931
11129637;161296;2093;1;B02;Actif;20931
11129746;161296;2093;1;B02;Actif;20931
11116605;161296;2093;1;B02;Actif;20931
11116680;161296;2093;1;B02;Actif;20931
11116991;161296;2093;1;B02;Actif;20931
11129829;161296;2093;1;B02;Actif;20931
11129836;161296;2093;1;B02;Actif;20931
11129876;161296;2093;1;B02;Actif;20931
11117005;161296;2093;1;B02;Actif;20931
11125944;161296;2093;1;B02;Actif;20931
11129882;161296;2093;1;B02;Actif;20931
11129885;161296;2093;1;B02;Actif;20931
11129960;161296;2093;1;B02;Actif;20931
11126330;161296;2093;1;B02;Actif;20931
11126563;161296;2093;1;B02;Actif;20931
11130008;161296;2093;1;B02;Actif;20931
11126623;161296;2093;1;B02;Actif;20931
11126626;161296;2093;1;B02;Actif;20931
11127155;161296;2093;1;B02;Actif;20931
11127413;161296;2093;1;B02;Actif;20931
11127512;161296;2093;1;B02;Actif;20931
11127517;161296;2093;1;B02;Actif;20931
11127529;161296;2093;1;B02;Actif;20931
11127571;161296;2093;1;B02;Actif;20931
11127581;161296;2093;1;B02;Actif;20931
11107447;161296;2093;1;B02;Actif;20931
11128991;161296;2093;1;B02;Actif;20931
11127656;161296;2093;1;B02;Actif;20931
11117440;161296;2093;1;C03;Actif;20931
11114000;161296;2093;1;C03;Actif;20931
11129803;161296;2093;1;C03;Actif;20931
11129919;161296;2093;1;C03;Actif;20931
11127772;161296;2093;1;C03;Actif;20931
11127860;161296;2093;1;C03;Actif;20931
11127904;161296;2093;1;C03;Actif;20931
11127933;161296;2093;1;C03;Actif;20931
11128153;161296;2093;1;C03;Actif;20931
11128158;161296;2093;1;C03;Actif;20931
11128250;161296;2093;1;C03;Actif;20931
11128272;161296;2093;1;C03;Actif;20931
11128298;161296;2093;1;C03;Actif;20931
11128503;161296;2093;1;C03;Actif;20931
11128568;161296;2093;1;C03;Actif;20931
11113971;161296;2093;1;C03;Actif;20931
11128634;161296;2093;1;C03;Actif;20931
11128717;161296;2093;1;C03;Actif;20931
11114665;161296;2093;1;C03;Actif;20931
11115667;161296;2093;1;C03;Actif;20931
11115785;161296;2093;1;C03;Actif;20931
11128807;161296;2093;1;C03;Actif;20931
11128829;161296;2093;1;C03;Actif;20931
11129043;161296;2093;1;C03;Actif;20931
11115939;161296;2093;1;C03;Actif;20931
11116073;161296;2093;1;C03;Actif;20931
11129132;161296;2093;1;C03;Actif;20931
11129134;161296;2093;1;C03;Actif;20931
11129187;161296;2093;1;C03;Actif;20931
11129228;161296;2093;1;C03;Actif;20931
11129247;161296;2093;1;C03;Actif;20931
11129368;161296;2093;1;C03;Actif;20931
11129372;161296;2093;1;C03;Actif;20931
11129465;161296;2093;1;C03;Actif;20931
11129564;161296;2093;1;C03;Actif;20931
11129647;161296;2093;1;C03;Actif;20931
11118460;161296;2093;1;C03;Actif;20931
11124160;161296;2093;1;C03;Actif;20931
11129674;161296;2093;1;C03;Actif;20931
11129820;161296;2093;1;C03;Actif;20931
11126707;161296;2093;1;C03;Actif;20931
11126801;161296;2093;1;C03;Actif;20931
11129838;161296;2093;1;C03;Actif;20931
11129861;161296;2093;1;C03;Actif;20931
11129935;161296;2093;1;C03;Actif;20931
11126971;161296;2093;1;C03;Actif;20931
11127080;161296;2093;1;C03;Actif;20931
11127401;161296;2093;1;C03;Actif;20931
11129972;161296;2093;1;C03;Actif;20931
11130015;161296;2093;1;C03;Actif;20931
11127514;161296;2093;1;C03;Actif;20931
11127532;161296;2093;1;C03;Actif;20931
11127629;161296;2093;1;C03;Actif;20931
11127756;161296;2093;1;C03;Actif;20931
11132067;161296;2093;1;C03;Actif;20931
11128231;161296;2093;1;C03;Actif;20931
11115168;161296;2093;1;C03;Actif;20931
11127338;161296;2093;1;C03;Actif;20931
11127569;161296;2093;1;C03;Actif;20931
11129291;161296;2093;1;C03;Actif;20931
11116724;161296;2093;1;D04;Actif;20931
11121770;161296;2093;1;D04;Actif;20931
11128449;161296;2093;1;D04;Actif;20931
11099552;161296;2093;1;D04;Actif;20931
11124804;161296;2093;1;D04;Actif;20931
11128366;161296;2093;1;D04;Actif;20931
11129199;161296;2093;1;D04;Actif;20931
11128365;161296;2093;1;D04;Actif;20931
11117430;161296;2093;1;D04;Actif;20931
11115801;161296;2093;1;D04;Actif;20931
11118192;161296;2093;1;D04;Actif;20931
11128341;161296;2093;1;D04;Actif;20931
11115079;161296;2093;1;D04;Actif;20931
11127995;161296;2093;1;D04;Actif;20931
11130040;161296;2093;1;D04;Actif;20931
11117671;161296;2093;1;D04;Actif;20931
11119855;161296;2093;1;D04;Actif;20931
11129171;161296;2093;1;D04;Actif;20931
11129295;161296;2093;1;D04;Actif;20931
11129915;161296;2093;1;D04;Actif;20931
11124452;161296;2093;1;D04;Actif;20931
11129398;161296;2093;1;D04;Actif;20931
11129443;161296;2093;1;D04;Actif;20931
11125438;161296;2093;1;D04;Actif;20931
11126873;161296;2093;1;D04;Actif;20931
11129595;161296;2093;1;D04;Actif;20931
11129663;161296;2093;1;D04;Actif;20931
11127210;161296;2093;1;D04;Actif;20931
11127264;161296;2093;1;D04;Actif;20931
11129750;161296;2093;1;D04;Actif;20931
11129902;161296;2093;1;D04;Actif;20931
11129979;161296;2093;1;D04;Actif;20931
11127318;161296;2093;1;D04;Actif;20931
11127339;161296;2093;1;D04;Actif;20931
11127404;161296;2093;1;D04;Actif;20931
11127727;161296;2093;1;D04;Actif;20931
11127739;161296;2093;1;D04;Actif;20931
11127848;161296;2093;1;D04;Actif;20931
11127925;161296;2093;1;D04;Actif;20931
11127972;161296;2093;1;D04;Actif;20931
11128006;161296;2093;1;D04;Actif;20931
11128131;161296;2093;1;D04;Actif;20931
11128132;161296;2093;1;D04;Actif;20931
11128164;161296;2093;1;D04;Actif;20931
11128367;161296;2093;1;D04;Actif;20931
11128408;161296;2093;1;D04;Actif;20931
11128502;161296;2093;1;D04;Actif;20931
11128646;161296;2093;1;D04;Actif;20931
11128671;161296;2093;1;D04;Actif;20931
11128707;161296;2093;1;D04;Actif;20931
11128766;161296;2093;1;D04;Actif;20931
11128772;161296;2093;1;D04;Actif;20931
11115144;161296;2093;1;D04;Actif;20931
11128839;161296;2093;1;D04;Actif;20931
11128914;161296;2093;1;D04;Actif;20931
11116052;161296;2093;1;D04;Actif;20931
11129021;161296;2093;1;D04;Actif;20931
11129125;161296;2093;1;D04;Actif;20931
11129140;161296;2093;1;D04;Actif;20931
11123218;161296;2093;1;E05;Actif;20931
11117338;161296;2093;1;E05;Actif;20931
11124456;161296;2093;1;E05;Actif;20931
11118013;161296;2093;1;E05;Actif;20931
11124996;161296;2093;1;E05;Actif;20931
11117807;161296;2093;1;E05;Actif;20931
11117814;161296;2093;1;E05;Actif;20931
11128670;161296;2093;1;E05;Actif;20931
11129357;161296;2093;1;E05;Actif;20931
11117021;161296;2093;1;E05;Actif;20931
11127688;161296;2093;1;E05;Actif;20931
11128280;161296;2093;1;E05;Actif;20931
11128400;161296;2093;1;E05;Actif;20931
11128456;161296;2093;1;E05;Actif;20931
11129025;161296;2093;1;E05;Actif;20931
11129024;161296;2093;1;E05;Actif;20931
11129029;161296;2093;1;E05;Actif;20931
11129128;161296;2093;1;E05;Actif;20931
11129136;161296;2093;1;E05;Actif;20931
11129196;161296;2093;1;E05;Actif;20931
11129214;161296;2093;1;E05;Actif;20931
11129215;161296;2093;1;E05;Actif;20931
11129225;161296;2093;1;E05;Actif;20931
11129242;161296;2093;1;E05;Actif;20931
11103080;161296;2093;1;E05;Actif;20931
11115266;161296;2093;1;E05;Actif;20931
11129312;161296;2093;1;E05;Actif;20931
11129370;161296;2093;1;E05;Actif;20931
11129404;161296;2093;1;E05;Actif;20931
11115970;161296;2093;1;E05;Actif;20931
11116086;161296;2093;1;E05;Actif;20931
11129457;161296;2093;1;E05;Actif;20931
11129477;161296;2093;1;E05;Actif;20931
11129500;161296;2093;1;E05;Actif;20931
11116111;161296;2093;1;E05;Actif;20931
11116286;161296;2093;1;E05;Actif;20931
11116584;161296;2093;1;E05;Actif;20931
11129563;161296;2093;1;E05;Actif;20931
11129671;161296;2093;1;E05;Actif;20931
11117456;161296;2093;1;E05;Actif;20931
11129722;161296;2093;1;E05;Actif;20931
11129811;161296;2093;1;E05;Actif;20931
11117501;161296;2093;1;E05;Actif;20931
11127269;161296;2093;1;E05;Actif;20931
11129839;161296;2093;1;E05;Actif;20931
11129840;161296;2093;1;E05;Actif;20931
11129854;161296;2093;1;E05;Actif;20931
11127989;161296;2093;1;E05;Actif;20931
11128167;161296;2093;1;E05;Actif;20931
11130010;161296;2093;1;E05;Actif;20931
11128192;161296;2093;1;E05;Actif;20931
11128194;161296;2093;1;E05;Actif;20931
11128255;161296;2093;1;E05;Actif;20931
11128294;161296;2093;1;E05;Actif;20931
11128358;161296;2093;1;E05;Actif;20931
11128474;161296;2093;1;E05;Actif;20931
11128694;161296;2093;1;E05;Actif;20931
11128695;161296;2093;1;E05;Actif;20931
11128701;161296;2093;1;E05;Actif;20931
11128786;161296;2093;1;E05;Actif;20931
11128787;161296;2093;1;E05;Actif;20931
11128809;161296;2093;1;E05;Actif;20931
11128932;161296;2093;1;E05;Actif;20931
11118471;161296;2093;1;F06;Actif;20931
11116348;161296;2093;1;F06;Actif;20931
11116379;161296;2093;1;F06;Actif;20931
11128642;161296;2093;1;F06;Actif;20931
11100223;161296;2093;1;F06;Actif;20931
11129040;161296;2093;1;F06;Actif;20931
11129127;161296;2093;1;F06;Actif;20931
11129179;161296;2093;1;F06;Actif;20931
11129198;161296;2093;1;F06;Actif;20931
11129219;161296;2093;1;F06;Actif;20931
11129220;161296;2093;1;F06;Actif;20931
11129243;161296;2093;1;F06;Actif;20931
11129249;161296;2093;1;F06;Actif;20931
11105065;161296;2093;1;F06;Actif;20931
11115125;161296;2093;1;F06;Actif;20931
11129277;161296;2093;1;F06;Actif;20931
11129288;161296;2093;1;F06;Actif;20931
11129294;161296;2093;1;F06;Actif;20931
11115162;161296;2093;1;F06;Actif;20931
11115215;161296;2093;1;F06;Actif;20931
11129422;161296;2093;1;F06;Actif;20931
11129548;161296;2093;1;F06;Actif;20931
11129644;161296;2093;1;F06;Actif;20931
11118032;161296;2093;1;F06;Actif;20931
11123608;161296;2093;1;F06;Actif;20931
11129668;161296;2093;1;F06;Actif;20931
11129801;161296;2093;1;F06;Actif;20931
11126966;161296;2093;1;F06;Actif;20931
11127072;161296;2093;1;F06;Actif;20931
11129866;161296;2093;1;F06;Actif;20931
11129920;161296;2093;1;F06;Actif;20931
11127316;161296;2093;1;F06;Actif;20931
11127410;161296;2093;1;F06;Actif;20931
11127527;161296;2093;1;F06;Actif;20931
11127969;161296;2093;1;F06;Actif;20931
11128070;161296;2093;1;F06;Actif;20931
11128129;161296;2093;1;F06;Actif;20931
11128203;161296;2093;1;F06;Actif;20931
11128214;161296;2093;1;F06;Actif;20931
11128218;161296;2093;1;F06;Actif;20931
11128228;161296;2093;1;F06;Actif;20931
11128241;161296;2093;1;F06;Actif;20931
11128299;161296;2093;1;F06;Actif;20931
11128377;161296;2093;1;F06;Actif;20931
11128461;161296;2093;1;F06;Actif;20931
11128682;161296;2093;1;F06;Actif;20931
11128739;161296;2093;1;F06;Actif;20931
11128745;161296;2093;1;F06;Actif;20931
11128849;161296;2093;1;F06;Actif;20931
11128923;161296;2093;1;F06;Actif;20931
11128925;161296;2093;1;F06;Actif;20931
11128928;161296;2093;1;F06;Actif;20931
11128972;161296;2093;1;F06;Actif;20931
11129007;161296;2093;1;F06;Actif;20931
11129026;161296;2093;1;F06;Actif;20931
11118359;161296;2093;1;F06;Actif;20931
11124180;161296;2093;1;G07;Actif;20931
11124990;161296;2093;1;G07;Actif;20931
11126580;161296;2093;1;G07;Actif;20931
11127648;161296;2093;1;G07;Actif;20931
11128992;161296;2093;1;G07;Actif;20931
11116759;161296;2093;1;G07;Actif;20931
11126578;161296;2093;1;G07;Actif;20931
11126856;161296;2093;1;G07;Actif;20931
11129267;161296;2093;1;G07;Actif;20931
11128672;161296;2093;1;G07;Actif;20931
11128763;161296;2093;1;G07;Actif;20931
11128784;161296;2093;1;G07;Actif;20931
11128788;161296;2093;1;G07;Actif;20931
11128904;161296;2093;1;G07;Actif;20931
11129004;161296;2093;1;G07;Actif;20931
11129016;161296;2093;1;G07;Actif;20931
11129144;161296;2093;1;G07;Actif;20931
11129148;161296;2093;1;G07;Actif;20931
11129174;161296;2093;1;G07;Actif;20931
11129183;161296;2093;1;G07;Actif;20931
11129240;161296;2093;1;G07;Actif;20931
11129382;161296;2093;1;G07;Actif;20931
11129442;161296;2093;1;G07;Actif;20931
11129463;161296;2093;1;G07;Actif;20931
11129476;161296;2093;1;G07;Actif;20931
11129535;161296;2093;1;G07;Actif;20931
11115185;161296;2093;1;G07;Actif;20931
11129690;161296;2093;1;G07;Actif;20931
11129700;161296;2093;1;G07;Actif;20931
11129760;161296;2093;1;G07;Actif;20931
11116247;161296;2093;1;G07;Actif;20931
11129799;161296;2093;1;G07;Actif;20931
11129835;161296;2093;1;G07;Actif;20931
11116334;161296;2093;1;G07;Actif;20931
11116531;161296;2093;1;G07;Actif;20931
11129873;161296;2093;1;G07;Actif;20931
11129928;161296;2093;1;G07;Actif;20931
11130261;161296;2093;1;G07;Actif;20931
11126944;161296;2093;1;G07;Actif;20931
11126958;161296;2093;1;G07;Actif;20931
11127417;161296;2093;1;G07;Actif;20931
11127471;161296;2093;1;G07;Actif;20931
11127601;161296;2093;1;G07;Actif;20931
11127612;161296;2093;1;G07;Actif;20931
11127759;161296;2093;1;G07;Actif;20931
11127771;161296;2093;1;G07;Actif;20931
11127830;161296;2093;1;G07;Actif;20931
11127932;161296;2093;1;G07;Actif;20931
11128130;161296;2093;1;G07;Actif;20931
11128189;161296;2093;1;G07;Actif;20931
11128190;161296;2093;1;G07;Actif;20931
11128229;161296;2093;1;G07;Actif;20931
11123025;161296;2093;1;G07;Actif;20931
11124185;161296;2093;1;H08;Actif;20931
11112991;161296;2093;1;H08;Actif;20931
11125028;161296;2093;1;H08;Actif;20931
11127992;161296;2093;1;H08;Actif;20931
11128444;161296;2093;1;H08;Actif;20931
11129142;161296;2093;1;H08;Actif;20931
11116879;161296;2093;1;H08;Actif;20931
11115622;161296;2093;1;H08;Actif;20931
11127225;161296;2093;1;H08;Actif;20931
11128060;161296;2093;1;H08;Actif;20931
11129340;161296;2093;1;H08;Actif;20931
11128182;161296;2093;1;H08;Actif;20931
11128204;161296;2093;1;H08;Actif;20931
11128245;161296;2093;1;H08;Actif;20931
11128262;161296;2093;1;H08;Actif;20931
11128632;161296;2093;1;H08;Actif;20931
11128647;161296;2093;1;H08;Actif;20931
11128676;161296;2093;1;H08;Actif;20931
11128699;161296;2093;1;H08;Actif;20931
11128719;161296;2093;1;H08;Actif;20931
11128762;161296;2093;1;H08;Actif;20931
11128835;161296;2093;1;H08;Actif;20931
11129023;161296;2093;1;H08;Actif;20931
11129121;161296;2093;1;H08;Actif;20931
11129146;161296;2093;1;H08;Actif;20931
11129197;161296;2093;1;H08;Actif;20931
11129262;161296;2093;1;H08;Actif;20931
11129273;161296;2093;1;H08;Actif;20931
11129290;161296;2093;1;H08;Actif;20931
11100540;161296;2093;1;H08;Actif;20931
11129318;161296;2093;1;H08;Actif;20931
11129373;161296;2093;1;H08;Actif;20931
11114717;161296;2093;1;H08;Actif;20931
11129439;161296;2093;1;H08;Actif;20931
11129472;161296;2093;1;H08;Actif;20931
11129484;161296;2093;1;H08;Actif;20931
11115364;161296;2093;1;H08;Actif;20931
11129492;161296;2093;1;H08;Actif;20931
11129697;161296;2093;1;H08;Actif;20931
11129740;161296;2093;1;H08;Actif;20931
11124468;161296;2093;1;H08;Actif;20931
11124474;161296;2093;1;H08;Actif;20931
11129769;161296;2093;1;H08;Actif;20931
11129774;161296;2093;1;H08;Actif;20931
11129780;161296;2093;1;H08;Actif;20931
11124896;161296;2093;1;H08;Actif;20931
11129785;161296;2093;1;H08;Actif;20931
11129830;161296;2093;1;H08;Actif;20931
11127146;161296;2093;1;H08;Actif;20931
11127526;161296;2093;1;H08;Actif;20931
11127637;161296;2093;1;H08;Actif;20931
11129863;161296;2093;1;H08;Actif;20931
11127725;161296;2093;1;H08;Actif;20931
11127827;161296;2093;1;H08;Actif;20931
11114772;161296;2093;1;H08;Actif;20931
11117265;161296;2093;1;I09;Actif;20931
11128587;161296;2093;1;I09;Actif;20931
11127977;161296;2093;1;I09;Actif;20931
11128226;161296;2093;1;I09;Actif;20931
11126295;161296;2093;1;I09;Actif;20931
11128575;161296;2093;1;I09;Actif;20931
11127618;161296;2093;1;I09;Actif;20931
11116114;161296;2093;1;I09;Actif;20931
11129258;161296;2093;1;I09;Actif;20931
11103381;161296;2093;1;I09;Actif;20931
11116115;161296;2093;1;I09;Actif;20931
11116116;161296;2093;1;I09;Actif;20931
11129597;161296;2093;1;I09;Actif;20931
11129645;161296;2093;1;I09;Actif;20931
11129656;161296;2093;1;I09;Actif;20931
11116135;161296;2093;1;I09;Actif;20931
11116335;161296;2093;1;I09;Actif;20931
11116412;161296;2093;1;I09;Actif;20931
11129658;161296;2093;1;I09;Actif;20931
11118141;161296;2093;1;I09;Actif;20931
11118142;161296;2093;1;I09;Actif;20931
11129765;161296;2093;1;I09;Actif;20931
11125579;161296;2093;1;I09;Actif;20931
11126713;161296;2093;1;I09;Actif;20931
11126969;161296;2093;1;I09;Actif;20931
11127028;161296;2093;1;I09;Actif;20931
11127064;161296;2093;1;I09;Actif;20931
11127414;161296;2093;1;I09;Actif;20931
11127530;161296;2093;1;I09;Actif;20931
11127635;161296;2093;1;I09;Actif;20931
11128002;161296;2093;1;I09;Actif;20931
11128009;161296;2093;1;I09;Actif;20931
11128025;161296;2093;1;I09;Actif;20931
11128076;161296;2093;1;I09;Actif;20931
11128140;161296;2093;1;I09;Actif;20931
11128273;161296;2093;1;I09;Actif;20931
11128300;161296;2093;1;I09;Actif;20931
11128359;161296;2093;1;I09;Actif;20931
11128629;161296;2093;1;I09;Actif;20931
11128715;161296;2093;1;I09;Actif;20931
11128726;161296;2093;1;I09;Actif;20931
11129983;161296;2093;1;I09;Actif;20931
11128735;161296;2093;1;I09;Actif;20931
11129041;161296;2093;1;I09;Actif;20931
11130084;161296;2093;1;I09;Actif;20931
11129204;161296;2093;1;I09;Actif;20931
11129303;161296;2093;1;I09;Actif;20931
11129436;161296;2093;1;I09;Actif;20931
11129481;161296;2093;1;I09;Actif;20931
11112563;161296;2093;1;I09;Actif;20931
11115742;161296;2093;1;I09;Actif;20931
11115830;161296;2093;1;I09;Actif;20931
11129533;161296;2093;1;I09;Actif;20931
11103004;161296;2093;1;J10;Actif;20931
11116231;161296;2093;1;J10;Actif;20931
11116681;161296;2093;1;J10;Actif;20931
11127186;161296;2093;1;J10;Actif;20931
11127987;161296;2093;1;J10;Actif;20931
11127055;161296;2093;1;J10;Actif;20931
11118410;161296;2093;1;J10;Actif;20931
11117856;161296;2093;1;J10;Actif;20931
11118244;161296;2093;1;J10;Actif;20931
11129895;161296;2093;1;J10;Actif;20931
11129942;161296;2093;1;J10;Actif;20931
11129982;161296;2093;1;J10;Actif;20931
11126945;161296;2093;1;J10;Actif;20931
11127389;161296;2093;1;J10;Actif;20931
11127590;161296;2093;1;J10;Actif;20931
11127599;161296;2093;1;J10;Actif;20931
11127724;161296;2093;1;J10;Actif;20931
11127903;161296;2093;1;J10;Actif;20931
11128080;161296;2093;1;J10;Actif;20931
11128084;161296;2093;1;J10;Actif;20931
11128161;161296;2093;1;J10;Actif;20931
11128180;161296;2093;1;J10;Actif;20931
11128251;161296;2093;1;J10;Actif;20931
11128304;161296;2093;1;J10;Actif;20931
11128404;161296;2093;1;J10;Actif;20931
11128460;161296;2093;1;J10;Actif;20931
11128721;161296;2093;1;J10;Actif;20931
11128837;161296;2093;1;J10;Actif;20931
11128920;161296;2093;1;J10;Actif;20931
11128930;161296;2093;1;J10;Actif;20931
11128984;161296;2093;1;J10;Actif;20931
11129005;161296;2093;1;J10;Actif;20931
11129011;161296;2093;1;J10;Actif;20931
11129034;161296;2093;1;J10;Actif;20931
11129035;161296;2093;1;J10;Actif;20931
11129186;161296;2093;1;J10;Actif;20931
11130522;161296;2093;1;J10;Actif;20931
11129211;161296;2093;1;J10;Actif;20931
11129454;161296;2093;1;J10;Actif;20931
11129470;161296;2093;1;J10;Actif;20931
11129478;161296;2093;1;J10;Actif;20931
11129681;161296;2093;1;J10;Actif;20931
11129577;161296;2093;1;J10;Actif;20931
11129607;161296;2093;1;J10;Actif;20931
11129657;161296;2093;1;J10;Actif;20931
11104803;161296;2093;1;J10;Actif;20931
11114786;161296;2093;1;J10;Actif;20931
11115722;161296;2093;1;J10;Actif;20931
11129692;161296;2093;1;J10;Actif;20931
11129701;161296;2093;1;J10;Actif;20931
11129790;161296;2093;1;J10;Actif;20931
11116065;161296;2093;1;J10;Actif;20931
11117093;161296;2093;1;J10;Actif;20931
11129868;161296;2093;1;J10;Actif;20931
11129889;161296;2093;1;J10;Actif;20931
11114711;161296;2093;1;J10;Actif;20931
11118059;161296;2093;1;K11;Actif;20931
11117318;161296;2093;1;K11;Actif;20931
11129527;161296;2093;1;K11;Actif;20931
11127749;161296;2093;1;K11;Actif;20931
11127847;161296;2093;1;K11;Actif;20931
11127910;161296;2093;1;K11;Actif;20931
11128054;161296;2093;1;K11;Actif;20931
11128055;161296;2093;1;K11;Actif;20931
11128137;161296;2093;1;K11;Actif;20931
11128144;161296;2093;1;K11;Actif;20931
11128275;161296;2093;1;K11;Actif;20931
11128362;161296;2093;1;K11;Actif;20931
11128464;161296;2093;1;K11;Actif;20931
11128466;161296;2093;1;K11;Actif;20931
11128574;161296;2093;1;K11;Actif;20931
11128681;161296;2093;1;K11;Actif;20931
11128743;161296;2093;1;K11;Actif;20931
11128751;161296;2093;1;K11;Actif;20931
11128978;161296;2093;1;K11;Actif;20931
11129013;161296;2093;1;K11;Actif;20931
11117574;161296;2093;1;K11;Actif;20931
11129049;161296;2093;1;K11;Actif;20931
11129184;161296;2093;1;K11;Actif;20931
11129208;161296;2093;1;K11;Actif;20931
11129281;161296;2093;1;K11;Actif;20931
11129286;161296;2093;1;K11;Actif;20931
11129486;161296;2093;1;K11;Actif;20931
11115252;161296;2093;1;K11;Actif;20931
11129554;161296;2093;1;K11;Actif;20931
11129600;161296;2093;1;K11;Actif;20931
11129696;161296;2093;1;K11;Actif;20931
11115795;161296;2093;1;K11;Actif;20931
11116047;161296;2093;1;K11;Actif;20931
11116050;161296;2093;1;K11;Actif;20931
11129922;161296;2093;1;K11;Actif;20931
11129965;161296;2093;1;K11;Actif;20931
11116492;161296;2093;1;K11;Actif;20931
11116852;161296;2093;1;K11;Actif;20931
11117059;161296;2093;1;K11;Actif;20931
11117358;161296;2093;1;K11;Actif;20931
11102409;161296;2093;1;K11;Actif;20931
11116494;161296;2093;1;K11;Actif;20931
11118082;161296;2093;1;K11;Actif;20931
11118120;161296;2093;1;K11;Actif;20931
11127621;161296;2093;1;K11;Actif;20931
11126073;161296;2093;1;K11;Actif;20931
11126589;161296;2093;1;K11;Actif;20931
11126627;161296;2093;1;K11;Actif;20931
11126869;161296;2093;1;K11;Actif;20931
11127189;161296;2093;1;K11;Actif;20931
11127261;161296;2093;1;K11;Actif;20931
11127408;161296;2093;1;K11;Actif;20931
11127505;161296;2093;1;K11;Actif;20931
11127533;161296;2093;1;K11;Actif;20931
11127576;161296;2093;1;K11;Actif;20931
11127679;161296;2093;1;K11;Actif;20931
11129284;161296;2093;1;K11;Actif;20931
11121722;161296;2093;1;K11;Actif;20931
11117526;161296;2093;1;M13;Actif;20931
11088702;161296;2093;1;M13;Actif;20931
11128187;161296;2093;1;M13;Actif;20931
11102161;161296;2093;1;M13;Actif;20931
11126579;161296;2093;1;M13;Actif;20931
11127862;161296;2093;1;M13;Actif;20931
11082931;161296;2093;1;M13;Actif;20931
11129307;161296;2093;1;M13;Actif;20931
11129314;161296;2093;1;M13;Actif;20931
11129447;161296;2093;1;M13;Actif;20931
11127691;161296;2093;1;M13;Actif;20931
11127859;161296;2093;1;M13;Actif;20931
11127911;161296;2093;1;M13;Actif;20931
11129521;161296;2093;1;M13;Actif;20931
11129539;161296;2093;1;M13;Actif;20931
11129545;161296;2093;1;M13;Actif;20931
11127913;161296;2093;1;M13;Actif;20931
11127975;161296;2093;1;M13;Actif;20931
11129702;161296;2093;1;M13;Actif;20931
11129718;161296;2093;1;M13;Actif;20931
11129939;161296;2093;1;M13;Actif;20931
11129952;161296;2093;1;M13;Actif;20931
11115495;161296;2093;1;M13;Actif;20931
11128052;161296;2093;1;M13;Actif;20931
11128083;161296;2093;1;M13;Actif;20931
11128236;161296;2093;1;M13;Actif;20931
11128244;161296;2093;1;M13;Actif;20931
11128247;161296;2093;1;M13;Actif;20931
11128261;161296;2093;1;M13;Actif;20931
11128296;161296;2093;1;M13;Actif;20931
11128659;161296;2093;1;M13;Actif;20931
11128309;161296;2093;1;M13;Actif;20931
11128369;161296;2093;1;M13;Actif;20931
11128370;161296;2093;1;M13;Actif;20931
11128684;161296;2093;1;M13;Actif;20931
11128734;161296;2093;1;M13;Actif;20931
11112126;161296;2093;1;M13;Actif;20931
11115081;161296;2093;1;M13;Actif;20931
11128742;161296;2093;1;M13;Actif;20931
11128746;161296;2093;1;M13;Actif;20931
11100542;161296;2093;1;M13;Actif;20931
11116497;161296;2093;1;M13;Actif;20931
11117227;161296;2093;1;M13;Actif;20931
11128836;161296;2093;1;M13;Actif;20931
11128918;161296;2093;1;M13;Actif;20931
11128982;161296;2093;1;M13;Actif;20931
11127249;161296;2093;1;M13;Actif;20931
11129177;161296;2093;1;M13;Actif;20931
11129195;161296;2093;1;M13;Actif;20931
11129205;161296;2093;1;M13;Actif;20931
11127402;161296;2093;1;M13;Actif;20931
11127609;161296;2093;1;M13;Actif;20931
11129296;161296;2093;1;M13;Actif;20931
11126588;161296;2093;1;M13;Actif;20931
11116884;161296;2093;1;N14;Actif;20931
11127676;161296;2093;1;N14;Actif;20931
11128796;161296;2093;1;N14;Actif;20931
11129348;161296;2093;1;N14;Actif;20931
11129058;161296;2093;1;N14;Actif;20931
11129742;161296;2093;1;N14;Actif;20931
11128691;161296;2093;1;N14;Actif;20931
11128714;161296;2093;1;N14;Actif;20931
11128725;161296;2093;1;N14;Actif;20931
11128834;161296;2093;1;N14;Actif;20931
11128841;161296;2093;1;N14;Actif;20931
11128842;161296;2093;1;N14;Actif;20931
11128905;161296;2093;1;N14;Actif;20931
11128976;161296;2093;1;N14;Actif;20931
11128981;161296;2093;1;N14;Actif;20931
11129051;161296;2093;1;N14;Actif;20931
11129059;161296;2093;1;N14;Actif;20931
11129123;161296;2093;1;N14;Actif;20931
11129172;161296;2093;1;N14;Actif;20931
11129191;161296;2093;1;N14;Actif;20931
11129280;161296;2093;1;N14;Actif;20931
11129393;161296;2093;1;N14;Actif;20931
11129488;161296;2093;1;N14;Actif;20931
11129537;161296;2093;1;N14;Actif;20931
11129579;161296;2093;1;N14;Actif;20931
11129675;161296;2093;1;N14;Actif;20931
11129689;161296;2093;1;N14;Actif;20931
11129762;161296;2093;1;N14;Actif;20931
11129781;161296;2093;1;N14;Actif;20931
11129859;161296;2093;1;N14;Actif;20931
11129860;161296;2093;1;N14;Actif;20931
11129949;161296;2093;1;N14;Actif;20931
11129985;161296;2093;1;N14;Actif;20931
11130007;161296;2093;1;N14;Actif;20931
11130519;161296;2093;1;N14;Actif;20931
11114775;161296;2093;1;N14;Actif;20931
11115917;161296;2093;1;N14;Actif;20931
11116377;161296;2093;1;N14;Actif;20931
11116578;161296;2093;1;N14;Actif;20931
11117008;161296;2093;1;N14;Actif;20931
11117029;161296;2093;1;N14;Actif;20931
11126639;161296;2093;1;N14;Actif;20931
11126960;161296;2093;1;N14;Actif;20931
11127262;161296;2093;1;N14;Actif;20931
11127327;161296;2093;1;N14;Actif;20931
11127343;161296;2093;1;N14;Actif;20931
11127406;161296;2093;1;N14;Actif;20931
11128122;161296;2093;1;N14;Actif;20931
11127597;161296;2093;1;N14;Actif;20931
11127846;161296;2093;1;N14;Actif;20931
11127912;161296;2093;1;N14;Actif;20931
11128021;161296;2093;1;N14;Actif;20931
11128128;161296;2093;1;N14;Actif;20931
11128260;161296;2093;1;N14;Actif;20931
11128405;161296;2093;1;N14;Actif;20931
11128496;161296;2093;1;N14;Actif;20931
11127780;5326702;2101;P5;A01;Actif;2101P5
11127093;5326702;2101;P5;A01;Actif;2101P5
11125949;5326702;2101;P5;A01;Actif;2101P5
11130180;5326702;2101;P5;A01;Actif;2101P5
11130366;5326702;2101;P5;A01;Actif;2101P5
11130597;5326702;2101;P5;A01;Actif;2101P5
11121434;5326702;2101;P5;A01;Actif;2101P5
11130545;5326702;2101;P5;A01;Actif;2101P5
11127290;5326702;2101;P5;A01;Actif;2101P5
11130418;5326702;2101;P5;A01;Actif;2101P5
11130617;5326702;2101;P5;A01;Actif;2101P5
11132792;5326702;2101;P5;A01;Actif;2101P5
11130219;5326702;2101;P5;A01;Actif;2101P5
11126111;5326702;2101;P5;A01;Actif;2101P5
11130501;5326702;2101;P5;A01;Actif;2101P5
11130370;5326702;2101;P5;A01;Actif;2101P5
11130835;5326702;2101;P5;A01;Actif;2101P5
11123292;5326702;2101;P5;A01;Actif;2101P5
11127701;5326702;2101;P5;A01;Actif;2101P5
11046257;5326702;2101;P5;A01;Actif;2101P5
11130372;5326702;2101;P5;A01;Actif;2101P5
11130734;5326702;2101;P5;A01;Actif;2101P5
11048109;5326702;2101;P5;A01;Actif;2101P5
11097277;5326702;2101;P5;A01;Actif;2101P5
11127705;5326702;2101;P5;A01;Actif;2101P5
11130626;5326702;2101;P5;A01;Actif;2101P5
11100783;5326702;2101;P5;A01;Actif;2101P5
11130123;5326702;2101;P5;A01;Actif;2101P5
